   2.4246064e+01
   3.2566946e+01
   2.8181259e+01
   2.5989208e+01
   2.9021216e+01
   3.2757601e+01
   2.8895376e+01
   2.1412867e+01
   3.2565361e+01
   2.9510087e+01
   2.3903133e+01
   2.9803316e+01
   2.8108290e+01
   2.8355218e+01
   2.7319620e+01
   2.4660381e+01
   1.8465152e+01
   2.3406108e+01
   2.2153418e+01
   2.4370321e+01
   2.6262572e+01
   2.5324795e+01
   2.8746268e+01
   2.3457395e+01
   2.8380069e+01
   2.3581651e+01
   2.5866536e+01
   2.9710481e+01
   2.7591400e+01
   2.5202123e+01
   1.1920420e+01
   1.1421811e+01
   2.1147658e+01
   1.0858386e+01
   1.4501937e+01
   1.1007494e+01
   2.3580066e+01
   2.7989020e+01
   2.7641102e+01
   2.2002726e+01
   2.2549454e+01
   2.3830163e+01
   2.2251239e+01
   2.5941090e+01
   2.0034337e+01
   1.9866948e+01
   2.4544280e+01
   3.2000353e+01
   2.6038911e+01
   1.9934932e+01
   2.2766545e+01
   2.2698562e+01
   1.4377680e+01
   2.0431957e+01
   1.7502523e+01
   2.2009297e+01
   1.9172697e+01
   1.9277089e+01
   2.8771119e+01
   1.5948450e+01
   2.8038722e+01
   1.6347655e+01
   1.3292380e+01
   1.7626779e+01
   1.5383441e+01
   2.7001540e+01
   2.1686230e+01
   2.2350644e+01
   1.5631954e+01
   1.6669136e+01
   8.6911867e+00
   2.2474900e+01
   1.4725598e+01
   1.1913850e+01
   2.3356405e+01
   8.6647510e+00
   1.9197549e+01
   2.9385830e+01
   2.0233147e+01
   2.0034337e+01
   2.1904906e+01
   2.4617249e+01
   2.8994781e+01
   3.1851245e+01
   2.0332552e+01
   1.8389014e+01
   2.3039909e+01
   2.2816248e+01
   2.1270329e+01
   1.8736931e+01
   2.7299755e+01
   1.3197961e+01
   1.8314460e+01
   2.5356216e+01
   1.7724600e+01
   1.1570918e+01
   2.6212870e+01
   2.5207109e+01
   2.1313462e+01
   1.5310472e+01
   1.4619623e+01
   1.4303127e+01
   1.8041096e+01
   1.8022815e+01
   1.9345072e+01
   2.0723602e+01
   2.2544468e+01
   1.3415052e+01
   1.4180455e+01
   1.2924597e+01
   2.0382254e+01
   1.7358401e+01
   2.2865950e+01
   3.3745081e+01
   2.8255813e+01
   1.8612675e+01
   2.5231960e+01
   2.6828767e+01
   3.1580760e+01
   1.7840659e+01
   2.5882994e+01
   2.4404300e+01
   1.8614473e+01
   1.8614473e+01
   2.5183596e+01
   1.5318648e+01
   2.1818837e+01
   1.9130350e+01
   1.8184576e+01
   2.8898354e+01
   2.7081224e+01
   2.4753699e+01
   2.5951928e+01
   1.6711364e+01
   1.6121072e+01
   2.3189025e+01
   3.5730896e+01
   2.2334713e+01
   1.8437033e+01
   1.4292378e+01
   1.8872411e+01
   1.6808906e+01
   2.4839678e+01
   2.0259645e+01
   2.5441534e+01
   2.3366466e+01
   2.4409781e+01
   2.7425141e+01
   2.3876860e+01
   2.0603562e+01
   1.7152824e+01
   2.9457131e+01
   1.6863002e+01
   2.4854759e+01
   3.3906090e+01
   2.3436115e+01
   2.2138845e+01
   1.8041424e+01
   2.9932522e+01
   1.7652795e+01
   2.1864059e+01
   1.7298778e+01
   1.7457242e+01
   3.5280066e+01
   1.7335868e+01
   1.9972550e+01
   2.0131014e+01
   4.2798957e+01
   1.8833743e+01
   1.7378010e+01
   2.8239092e+01
   1.8437584e+01
   2.8003923e+01
   2.6667037e+01
   1.7417626e+01
   2.8199476e+01
   3.1895733e+01
   2.0566789e+01
   2.6468957e+01
   1.5803428e+01
   2.1824443e+01
   1.7496857e+01
   2.8241618e+01
   2.5597405e+01
   1.9068913e+01
   1.7335868e+01
   2.1306910e+01
   1.5404742e+01
   3.0083455e+01
   2.5755869e+01
   2.1864059e+01
   1.8556432e+01
   1.6427226e+01
   2.3636721e+01
   2.3438641e+01
   2.3438641e+01
   1.6506458e+01
   1.5050724e+01
   1.6308379e+01
   2.4178762e+01
   1.8791602e+01
   2.3478257e+01
   1.7566033e+01
   2.0329093e+01
   2.3713427e+01
   1.8635664e+01
   2.4815143e+01
   1.8635664e+01
   1.8118130e+01
   2.4614537e+01
   1.6078214e+01
   1.9227377e+01
   2.5129545e+01
   2.2019997e+01
   2.5713728e+01
   1.9068913e+01
   2.0485031e+01
   1.5876780e+01
   2.8998299e+01
   3.5001819e+01
   1.5996743e+01
   2.2993830e+01
   2.5574140e+01
   2.6907976e+01
   1.5862851e+01
   1.8471966e+01
   1.8428284e+01
   2.0650601e+01
   3.1087673e+01
   2.6715526e+01
   1.9510163e+01
   2.3037512e+01
   2.2000263e+01
   2.1659044e+01
   1.6899151e+01
   2.0651550e+01
   2.0739862e+01
   3.5047398e+01
   1.6959607e+01
   2.1733429e+01
   2.5632698e+01
   3.0273577e+01
   1.6085055e+01
   2.3305295e+01
   2.1778059e+01
   1.7211565e+01
   2.5275654e+01
   2.6775033e+01
   1.5714083e+01
   2.5424423e+01
   2.7826210e+01
   2.2074648e+01
   1.7241319e+01
   1.9703562e+01
   1.8428284e+01
   3.5151536e+01
   2.3245788e+01
   1.5980917e+01
   3.0112429e+01
   2.0739380e+01
   2.3924841e+01
   2.0464853e+01
   2.4323780e+01
   2.0767708e+01
   2.8735778e+01
   2.5467083e+01
   2.0725653e+01
   2.1966791e+01
   3.2511472e+01
   2.0781434e+01
   1.3599782e+01
   2.4200243e+01
   2.0821738e+01
   2.1747170e+01
   2.9009430e+01
   3.7073585e+01
   2.5563168e+01
   3.0139882e+01
   2.9975166e+01
   2.7961335e+01
   2.1747170e+01
   2.3151274e+01
   2.5508262e+01
   2.7700535e+01
   2.8954524e+01
   2.5370999e+01
   1.7128402e+01
   2.5425904e+01
   2.7811221e+01
   2.1651086e+01
   1.9622654e+01
   1.4744836e+01
   1.5847835e+01
   2.5316969e+01
   2.1842379e+01
   1.9527445e+01
   3.0044673e+01
   1.8232277e+01
   2.4158189e+01
   3.2373334e+01
   1.1161311e+01
   2.0711927e+01
   2.3083517e+01
   1.3532026e+01
   2.5412178e+01
   1.8492202e+01
   1.3572329e+01
   1.7115551e+01
   1.3627235e+01
   2.2822717e+01
   1.3573205e+01
   1.5956771e+01
   2.5494536e+01
   1.5916467e+01
   2.0657897e+01
   2.1952190e+01
   1.4607572e+01
   2.5453357e+01
   1.7087223e+01
   2.5343546e+01
   2.2780663e+01
   2.5413053e+01
   3.5943132e+01
   2.1884433e+01
   1.9650107e+01
   2.7782893e+01
   1.4853771e+01
   1.6052855e+01
   1.9416759e+01
   2.4213969e+01
   1.7156730e+01
   1.7183307e+01
   1.4786015e+01
   3.1872043e+01
   2.0418115e+01
   2.4966686e+01
   2.1843039e+01
   2.6994579e+01
   2.1103030e+01
   1.7268530e+01
   1.7570015e+01
   2.9873582e+01
   2.7871349e+01
   2.4530188e+01
   2.8419503e+01
   2.9214049e+01
   2.8556542e+01
   1.7542607e+01
   1.8636891e+01
   1.7650491e+01
   2.6939764e+01
   2.0390707e+01
   2.0228009e+01
   3.7379884e+01
   2.4583256e+01
   3.2475013e+01
   1.6390013e+01
   2.1789971e+01
   3.0885643e+01
   1.6309538e+01
   1.8666046e+01
   2.4310926e+01
   2.1760816e+01
   1.6280383e+01
   1.7405569e+01
   1.8501600e+01
   2.4447964e+01
   2.2803779e+01
   2.5379549e+01
   3.7080146e+01
   2.2008955e+01
   2.1294884e+01
   2.8886904e+01
   1.5706568e+01
   2.5350394e+01
   1.7158899e+01
   1.6692968e+01
   1.7213715e+01
   1.6692968e+01
   1.8910968e+01
   1.5843606e+01
   2.0118378e+01
   1.6417421e+01
   2.8018976e+01
   1.3292125e+01
   2.6904683e+01
   1.0147828e+01
   2.4721058e+01
   2.2683800e+01
   2.5843084e+01
   2.2691294e+01
   3.3129819e+01
   2.0623822e+01
   2.8938672e+01
   2.7944039e+01
   2.1651698e+01
   2.3707930e+01
   2.2740003e+01
   2.7596892e+00
   1.9557998e+01
   2.2773486e+01
   2.3809334e+01
   1.2121628e+01
   2.9058571e+01
   3.5272228e+01
   1.9614440e+01
   2.1670672e+01
   3.1103562e+01
   2.4814969e+01
   2.7996734e+01
   2.0590100e+01
   1.9595467e+01
   2.0545138e+01
   2.6908430e+01
   2.0620075e+01
   1.7542983e+01
   5.8292877e+00
   2.3681941e+01
   2.9017117e+01
   1.5404320e+01
   2.2736256e+01
   1.8548856e+01
   3.3197262e+01
   2.4833703e+01
   2.2695040e+01
   2.8960914e+01
   1.2192819e+01
   3.3245733e+01
   2.4841197e+01
   3.7358195e+01
   1.9632936e+01
   2.2691294e+01
   3.6349053e+01
   2.0642556e+01
   1.7494512e+01
   8.0164203e+00
   3.1058600e+01
   9.0297875e+00
   2.1700647e+01
   1.9475567e+01
   1.9546997e+01
   1.6492386e+01
   1.9576972e+01
   3.1024878e+01
   2.3685449e+01
   2.2668812e+01
   1.9640429e+01
   3.1148525e+01
   2.1693153e+01
   1.9479553e+01
   3.2165400e+01
   2.5816856e+01
   2.2702295e+01
   2.3783106e+01
   2.4856184e+01
   2.5906542e+01
   2.0582367e+01
   2.1625709e+01
   1.9550505e+01
   3.1077334e+01
   2.5936517e+01
   2.4773753e+01
   2.4837211e+01
   2.9002369e+01
   3.3193515e+01
   2.3711677e+01
   2.8957406e+01
   1.8518881e+01
   1.8417716e+01
   2.5809362e+01
   3.8552484e+00
   2.9024850e+01
   2.5813109e+01
   2.5873059e+01
   2.3813081e+01
   2.9974281e+01
   2.4803728e+01
   1.9475806e+01
   3.0123917e+01
   2.7918050e+01
   1.9584226e+01
   2.8927431e+01
   2.8030456e+01
   2.4758766e+01
   2.5782896e+01
   2.4818715e+01
   2.3797855e+01
   2.2792220e+01
   2.5794136e+01
   2.2605116e+01
   1.9524516e+01
   3.2135186e+01
   3.5290962e+01
   2.1681912e+01
   1.8496161e+01
   2.4777500e+01
   3.5290962e+01
   3.4232872e+01
   2.3816828e+01
   2.3734397e+01
   2.4882173e+01
   2.3835562e+01
   3.6352800e+01
   2.6931150e+01
   1.8503894e+01
   2.6908669e+01
   2.2728762e+01
   2.3805348e+01
   2.3685688e+01
   1.9572986e+01
   2.3681941e+01
   3.6386521e+01
   2.4825970e+01
   2.2608863e+01
   2.0672292e+01
   2.8942419e+01
   1.5415561e+01
   2.9921825e+01
   1.9479314e+01
   2.6934897e+01
   2.5884300e+01
   2.0627569e+01
   2.2732509e+01
   2.9036090e+01
   2.6931150e+01
   2.0567619e+01
   1.8354019e+01
   1.9603200e+01
   2.4867186e+01
   1.9584465e+01
   2.1603228e+01
   2.5888047e+01
   1.9603200e+01
   2.5880314e+01
   2.4814730e+01
   1.7516993e+01
   1.9580718e+01
   2.3738144e+01
   2.4747286e+01
   1.6398714e+01
   1.6447423e+01
   1.5396826e+01
   2.6871200e+01
   2.7933037e+01
   2.3809334e+01
   1.6469904e+01
   2.5854086e+01
   2.4762512e+01
   1.9617948e+01
   2.4758766e+01
   2.0601102e+01
   1.9550505e+01
   1.6443676e+01
   1.4364964e+01
   2.7910556e+01
   2.5888047e+01
   1.7539236e+01
   1.9509528e+01
   3.1032372e+01
   1.4252797e+01
   2.1655684e+01
   2.7974014e+01
   2.5843084e+01
   2.2597383e+01
   2.4848690e+01
   2.3629485e+01
   2.1606975e+01
   2.0627569e+01
   1.6439930e+01
   1.6395206e+01
   1.9621695e+01
   2.3809334e+01
   2.1644205e+01
   2.8019215e+01
   1.5359597e+01
   2.3734397e+01
   2.0665037e+01
   2.1663178e+01
   2.0683533e+01
   1.6398953e+01
   2.0702267e+01
   1.7400841e+01
   2.2676067e+01
   1.6372725e+01
   2.1708140e+01
   2.0548645e+01
   1.4316255e+01
   1.6507373e+01
   2.0560125e+01
   2.0578620e+01
   2.7918050e+01
   1.6383966e+01
   1.7442056e+01
   1.9614440e+01
   1.4379951e+01
   1.4335228e+01
   1.1074778e+01
   7.9342283e+00
   1.9404616e+01
   1.7423322e+01
   1.7441817e+01
   1.4308761e+01
   2.1569506e+01
   2.1599481e+01
   1.1164464e+01
   2.7981747e+01
   1.7438070e+01
   1.9629189e+01
   2.0680025e+01
   2.3711916e+01
   2.1629217e+01
   2.1569506e+01
   1.9636683e+01
   2.4882412e+01
   1.9550744e+01
   1.9442085e+01
   2.0567619e+01
   2.4867186e+01
   2.9051078e+01
   2.1674419e+01
   2.3708169e+01
   1.7557970e+01
   3.2210362e+01
   2.1647952e+01
   2.7989240e+01
   3.1092322e+01
   2.6964633e+01
   2.0620075e+01
   1.7464537e+01
   2.5809362e+01
   2.4859692e+01
   2.6897189e+01
   2.3719170e+01
   2.6949884e+01
   2.5809362e+01
   2.4807475e+01
   2.2946396e+01
   1.6069579e+01
   1.9052289e+01
   2.3916830e+01
   2.3918292e+01
   2.2945109e+01
   1.9013790e+01
   1.8069481e+01
   1.8026857e+01
   2.2938147e+01
   2.5878321e+01
   2.2927235e+01
   1.8028320e+01
   3.3733997e+01
   1.9007003e+01
   2.9815052e+01
   2.1954052e+01
   1.7051012e+01
   2.4914762e+01
   2.2929985e+01
   2.0965744e+01
   1.7057799e+01
   1.6066741e+01
   1.9993848e+01
   2.8819957e+01
   1.7041387e+01
   2.2935484e+01
   3.2745689e+01
   2.0967119e+01
   1.9996598e+01
   2.9806890e+01
   1.8046106e+01
   2.3916830e+01
   2.2935484e+01
   2.5883908e+01
   2.2943647e+01
   4.6496662e+01
   1.9026252e+01
   1.7056511e+01
   1.8032357e+01
   1.7052387e+01
   1.7042762e+01
   1.8026857e+01
   2.9810927e+01
   3.3729784e+01
   1.3121067e+01
   1.2131472e+01
   1.7045424e+01
   2.3915455e+01
   2.7835774e+01
   2.4891476e+01
   1.9993848e+01
   1.6065454e+01
   2.0973994e+01
   1.3112905e+01
   1.8996003e+01
   1.8997378e+01
   1.8017320e+01
   2.9791766e+01
   2.0965656e+01
   2.5868784e+01
   3.0782736e+01
   2.5876946e+01
   1.6062616e+01
   2.5863284e+01
   2.0960244e+01
   1.7034512e+01
   1.6051704e+01
   2.5868784e+01
   1.7033137e+01
   2.5876946e+01
   2.1937552e+01
   2.5867409e+01
   3.2740189e+01
   1.9000040e+01
   1.6057116e+01
   1.8994628e+01
   2.8818495e+01
   2.9799928e+01
   1.8017320e+01
   1.9001415e+01
   1.8994628e+01
   1.7035887e+01
   1.7042674e+01
   1.6062616e+01
   2.7833025e+01
   2.5870071e+01
   1.7038549e+01
   2.1947089e+01
   1.6055742e+01
   1.6062616e+01
   2.4887351e+01
   2.0962994e+01
   2.2920360e+01
   2.7828900e+01
   1.7037174e+01
   2.5867409e+01
   2.1943052e+01
   1.8025482e+01
   1.8996003e+01
   2.4888726e+01
   2.0969781e+01
   2.2917610e+01
   3.2740189e+01
   1.9000128e+01
   1.7031762e+01
   2.0965656e+01
   1.8017320e+01
   2.1945714e+01
   2.9793141e+01
   1.9005540e+01
   1.9976061e+01
   2.5875571e+01
   2.6850217e+01
   2.2929897e+01
   2.2921735e+01
   1.8998753e+01
   2.2924485e+01
   2.4891388e+01
   1.9000128e+01
   2.4887351e+01
   3.2738814e+01
   2.2923022e+01
   1.9005540e+01
   3.1760044e+01
   2.2923110e+01
   1.6058491e+01
   2.6852879e+01
   1.8015945e+01
   1.8998753e+01
   1.7039924e+01
   1.9002790e+01
   1.5077058e+01
   2.7838437e+01
   1.3118317e+01
   3.1753257e+01
   1.1149952e+01
   1.7039924e+01
   2.6858379e+01
   1.5070271e+01
   1.3107406e+01
   2.2918985e+01
   2.0958869e+01
   2.1947089e+01
   2.3909955e+01
   1.2132760e+01
   1.9985598e+01
   1.3115568e+01
   1.5078433e+01
   2.3905918e+01
   1.6054454e+01
   1.4091588e+01
   2.7838437e+01
   1.4098375e+01
   2.7838437e+01
   1.1147290e+01
   2.1949839e+01
   1.7042674e+01
   1.6061241e+01
   1.1155452e+01
   2.3914080e+01
   1.2130097e+01
